0  Name gauss(o=0,_w=0.5,_c=8) repulsion(o=0,_c=8) hydrophobic(g=0.5,_b=1.5,_c=8) non_hydrophobic(g=0.5,_b=1.5,_c=8) vdw(i=6,_j=12,_s=1,_^=100,_c=8) non_dir_h_bond_lj(o=-0.7,_^=100,_c=8) non_dir_anti_h_bond_quadratic(o=0,_c=8) non_dir_h_bond(g=-0.7,_b=0,_c=8) acceptor_acceptor_quadratic(o=0,_c=8) donor_donor_quadratic(o=0,_c=8) gauss(o=3,_w=2,_c=8) electrostatic(i=2,_^=100,_c=8) ad4_solvation(d-sigma=3.6,_s/q=0.01097,_c=8)
1  131281107_active 115.06674 3.50247 61.14932 49.19820 -727.35400 -10.73953 0.07192 1.62572 0.07192 0.00000 1751.86258 0.04635 9.52245
1  131277055_active 113.25051 4.59836 60.09532 59.61906 -723.77487 -19.51152 0.00055 3.15290 0.00055 0.00000 1738.64871 0.03137 6.89771
0  92480568_unactive 109.20719 2.15533 63.33970 78.56913 -730.39248 -7.97666 0.01152 0.76830 0.00000 0.01152 1722.57473 -0.01616 11.75529
1  131279065_active 127.40501 4.31909 60.04559 61.09286 -804.57052 -8.56223 0.00000 1.21014 0.00000 0.00000 1881.46621 0.01602 10.34696
0  66088382_unactive 119.37411 1.53279 59.47714 51.35786 -731.89585 -3.31683 0.28324 0.00000 0.28324 0.00000 1742.22608 0.00689 14.36300
1  160680067_active 93.32464 1.82184 65.10643 29.41178 -640.31025 -10.28646 0.21548 1.56211 0.21548 0.00000 1627.47103 0.02051 9.36889
1  131285069_active 112.81927 3.95551 59.90811 50.30063 -668.17002 -14.54347 0.00000 2.06534 0.22663 0.00000 1580.72357 0.04153 8.17665
1  131281105_active 111.00974 3.49577 68.28087 26.54467 -675.06292 -8.50362 0.00000 1.35620 0.00000 0.00000 1651.05124 0.03065 8.42219
1  131287121_active 116.01046 4.28628 62.71923 42.98495 -722.14245 -17.45386 0.00000 2.86457 0.70509 0.00000 1729.54641 0.05438 7.55281
0  03416612_unactive 96.45456 2.07593 54.57524 56.64448 -641.68229 -18.79577 0.03737 2.56419 0.06597 0.00000 1588.98407 -0.00909 15.40834
1  104247556_active 105.00251 3.29433 60.43979 41.39225 -683.13857 -12.19861 0.00000 1.65715 0.16280 0.00000 1659.45804 0.04027 7.72560
1  160680037_active 97.42234 1.71154 59.92725 74.44267 -673.19053 -13.94068 0.00000 1.10638 0.00000 0.11726 1605.59964 0.06335 10.34161
1  160669360_active 107.39620 2.36840 59.30442 72.50828 -709.43994 -14.51684 0.04901 1.60995 0.13353 0.20847 1696.74857 0.04264 9.89354
1  131279067_active 108.38065 3.28433 68.09515 46.10862 -714.27752 -5.78314 0.08087 0.54442 0.04521 0.03566 1784.56006 0.03395 4.59413
1  160696232_active 93.46551 1.80652 56.45366 45.03131 -640.90788 -10.51534 0.23967 1.55626 0.23967 0.00000 1605.62829 0.01779 5.41836
1  131273034_active 118.19839 4.81265 61.87612 42.95421 -709.26069 -7.80219 0.02450 1.15373 0.02450 0.00000 1698.55502 0.04552 10.35611
1  131279066_active 126.29050 4.01099 62.24333 56.47537 -786.09609 -8.33266 0.04371 1.24651 0.04371 0.00000 1831.05877 0.04047 6.54573
1  131281108_active 113.30323 3.35108 69.10528 49.00737 -736.40826 -5.64535 0.18955 0.51547 0.07452 0.11502 1840.17062 0.04363 5.08089
1  160701581_active 102.47894 1.97394 47.35455 103.14025 -696.08574 -18.80202 0.00356 1.79645 0.00000 0.01863 1687.87524 0.07466 22.31397
0  57271411_unactive 106.12759 3.75915 61.73157 70.56269 -660.05734 -18.86536 0.07393 2.25909 0.02463 0.35244 1581.01367 0.02275 14.17327
1  131275011_active 116.86389 4.01210 60.39472 57.69345 -695.52751 -10.14320 0.05520 1.48041 0.05520 0.00000 1643.58215 0.03280 8.10198
1  131285070_active 107.52317 3.34202 61.28819 39.03509 -698.58858 -8.29892 0.00000 1.28300 0.00000 0.00000 1726.86270 0.02325 7.39376
0  69949173_unactive 115.86389 4.06497 57.02662 81.01089 -772.33060 -14.06432 0.06600 1.87456 0.65421 0.00000 1858.49890 -0.00414 17.24836
1  160696256_active 90.56673 1.74050 59.95642 33.12737 -618.59199 -10.47383 0.24609 1.52001 0.24609 0.00000 1559.05929 0.00936 8.74847
1  103694299_active 105.67950 3.41415 64.59507 23.97146 -632.57033 -7.30521 0.00000 1.09514 0.00000 0.00000 1517.82746 0.03015 5.57015
1  104247555_active 92.37903 3.23222 60.83027 23.98867 -589.44520 -8.68089 0.00000 1.41313 0.00000 0.00000 1455.85149 0.03071 5.95017
1  160706871_active 91.34181 1.58842 48.76171 52.18571 -636.17575 -10.36445 0.23168 1.50347 0.23168 0.00000 1601.69961 0.01712 9.94243
1  160700050_active 81.73257 1.68352 53.09955 35.89416 -589.34785 -13.99766 0.21787 2.08105 0.43825 0.00000 1471.14262 0.03901 5.93655
1  160680039_active 92.76646 0.91947 53.57174 59.18766 -589.26514 -18.11337 0.00716 1.84263 0.10303 0.03190 1508.87462 0.05724 14.66500
1  160685394_active 98.13833 1.88154 53.59192 62.44351 -678.45619 -19.92590 0.21213 2.66927 0.66186 0.00000 1636.54039 0.03600 7.71428
0  11125709_unactive 102.90429 1.99037 45.43738 56.44653 -669.44645 -9.92103 0.00000 1.01256 0.06965 0.00000 1639.06136 -0.00464 14.53642
1  160680063_active 85.86791 1.34010 56.65545 37.52264 -609.15053 -9.70191 0.19590 1.34336 0.19590 0.00000 1535.47326 0.01354 5.47742
1  160669361_active 89.18797 1.77151 56.44044 38.36582 -614.15974 -12.04193 0.27388 1.55707 0.27388 0.00000 1552.69275 0.02968 5.28932
0  06535393_unactive 102.35920 1.73959 41.32949 80.75456 -681.31051 -12.69943 0.04473 1.43554 0.43052 0.00000 1679.12669 0.00121 26.05262
1  160680064_active 87.01651 1.39305 54.20140 30.72970 -608.54303 -9.49778 0.21710 1.35598 0.21710 0.00000 1539.81269 0.01560 5.34671
0  65255333_unactive 98.45703 2.97460 64.48810 75.88116 -666.40401 -8.92781 0.09658 1.07334 0.09658 0.22101 1569.18622 0.03626 15.05179
1  160674689_active 112.04894 3.37883 60.92094 73.58922 -631.12377 -20.33472 0.16919 3.02480 0.29455 0.26882 1450.89200 0.07809 10.79361
1  160674690_active 83.64033 1.52879 51.24413 46.99328 -602.22194 -10.46776 0.20153 1.33920 0.20153 0.00000 1493.57793 0.01733 5.82467
1  123092525_active 92.53530 2.64234 55.63817 24.72704 -566.23490 -7.80303 0.03115 1.20977 0.03115 0.00000 1373.93235 0.02342 6.67440
1  160685393_active 87.22694 1.70769 53.09498 43.73184 -574.09746 -14.65614 0.16510 2.11624 0.52932 0.00000 1390.58558 0.02525 6.33248
1  160680066_active 94.55028 1.79735 49.76677 55.82798 -657.24049 -10.87294 0.24541 1.60676 0.24541 0.00000 1653.92998 0.01409 9.65002
1  160701580_active 87.66737 1.72001 48.72776 60.62617 -571.39641 -19.54498 0.27043 2.48995 0.34683 0.26196 1369.62251 0.03115 8.30560
1  160685363_active 83.18513 1.33460 54.89608 31.57737 -561.72910 -9.49701 0.21988 1.30171 0.21988 0.00000 1427.62228 0.02586 6.11969
0  73584642_unactive 108.59405 1.58295 50.33160 75.25401 -646.12709 -14.24113 0.00000 1.23290 0.03644 0.00000 1543.29529 0.02901 17.26646
1  131273125_active 92.42742 1.71436 55.65251 22.81350 -537.44237 -7.22956 0.00000 1.06960 0.00000 0.00000 1329.84443 0.02761 4.33867
0  06394508_unactive 92.31114 0.88153 37.44497 84.16892 -656.61485 -6.89145 0.00231 0.29103 0.00231 0.00000 1624.14317 0.02532 28.24503
1  160680065_active 87.35882 1.51754 48.62340 43.52093 -608.34666 -10.13031 0.23164 1.46375 0.23164 0.00000 1546.27964 0.01695 11.41519
0  39894991_unactive 108.94194 1.24849 44.81766 106.61253 -645.44374 -17.98484 0.03369 1.73845 0.09590 0.02585 1455.45083 0.04814 15.61357
1  160701582_active 79.04202 1.66527 52.33250 33.20149 -556.79325 -13.78761 0.21346 2.05817 0.35404 0.00000 1411.47247 0.02899 6.27895
0  88421265_unactive 86.86979 2.28361 33.99373 77.57440 -565.12800 -16.69353 0.00538 2.25641 0.34561 0.00000 1344.88787 0.02112 13.21972
1  160701606_active 82.62855 1.34060 56.72461 33.98526 -592.75552 -10.38032 0.20739 1.33532 0.20739 0.00000 1494.45265 0.02791 5.38076
1  160701605_active 81.26538 1.41586 48.60019 32.56004 -577.80583 -9.54584 0.20961 1.36387 0.20961 0.00000 1456.97824 0.02123 6.73485
1  123085985_active 92.44380 2.43118 42.56395 41.27587 -564.56487 -10.14323 0.07789 1.37554 0.07789 0.00000 1369.26181 0.02948 10.41194
0  65534036_unactive 66.91670 1.12727 42.40192 48.63309 -500.58804 -11.74146 0.03203 1.24829 0.17707 0.00000 1344.42101 0.05093 14.95941
0  72108775_unactive 79.59649 1.34669 54.43887 35.80919 -500.05640 -7.21997 0.00278 1.09415 0.00278 0.00000 1331.87809 -0.00112 10.73960
1  160685392_active 85.69296 1.66385 54.98596 28.75026 -596.19421 -10.92910 0.22299 1.61378 0.22299 0.00000 1489.60636 0.02343 5.55970
1  104247554_active 100.70629 3.31106 59.79251 24.94242 -608.65843 -7.34390 0.00000 1.10800 0.00000 0.00000 1460.04888 0.02690 6.33790
1  160690835_active 94.96876 1.45873 55.16272 71.15172 -621.39841 -17.83342 0.00000 1.97236 0.00000 0.38258 1536.36922 0.07369 14.68776
0  77952398_unactive 84.89848 0.73297 57.91663 60.93464 -568.78413 -1.85098 0.00420 0.00000 0.00420 0.00000 1375.33982 0.02778 4.97984
0  38961181_unactive 59.98790 2.00242 59.33729 29.81439 -481.97570 -10.54146 0.00141 1.15549 0.14108 0.16635 1293.01787 0.06681 8.08373
1  160669358_active 96.59846 1.71137 55.83467 72.42919 -625.00197 -19.42855 0.00000 2.16784 0.00000 0.58186 1529.67812 0.08077 13.83224
1  131287120_active 94.37221 3.05749 56.55062 24.32664 -569.34776 -6.61727 0.00000 0.93621 0.00000 0.00000 1365.60668 0.03131 8.28629
1  131285170_active 86.26176 1.90963 44.41722 24.30931 -512.78476 -8.45032 0.00000 1.35017 0.00000 0.00000 1261.30603 0.03518 7.25408
0  70872855_unactive 106.35086 2.68082 34.87522 75.82396 -721.83193 -7.65294 0.33120 0.71050 0.33120 0.00000 1806.17524 -0.00568 27.27047
1  160669359_active 92.73726 1.84631 49.52570 48.55183 -592.70545 -16.80932 0.22090 2.28080 0.29711 0.12127 1478.76749 0.03963 8.86943
0  71318592_unactive 82.15064 1.20001 59.03860 34.44482 -574.12225 -1.43530 0.01681 0.00000 0.01681 0.00000 1534.49820 0.00975 13.29241
1  160674688_active 90.26322 1.50334 48.16927 40.34431 -593.29898 -13.84654 0.18692 1.87777 0.29030 0.00000 1483.84371 0.05677 8.75952
1  160680038_active 94.42502 1.53610 47.80068 55.41292 -632.40284 -15.96165 0.19099 2.03251 0.26681 0.00000 1545.93788 0.04364 7.14683
1  160674707_active 77.35897 1.34775 54.08512 24.47049 -542.12614 -8.93162 0.21752 1.24565 0.21752 0.00000 1365.81697 0.02001 3.38914
1  131285068_active 100.69556 3.32665 56.17379 37.03720 -628.15978 -9.77545 0.04473 1.24123 0.04473 0.00000 1512.07942 0.06751 12.43030
0  30937088_unactive 119.16087 2.89868 43.47716 79.72558 -708.14411 -8.52534 0.02215 0.87598 0.02371 0.00000 1649.48028 0.02069 16.66311
0  72002643_unactive 90.73109 1.70695 40.29838 69.91416 -613.58090 -8.33545 0.18523 0.71602 0.18523 0.00000 1483.35052 0.05225 19.25478
1  131277127_active 82.77214 3.25461 60.89506 43.84099 -599.47662 -1.00609 0.00000 0.00000 0.00000 0.00000 1524.81822 0.02695 3.42234
0  67842136_unactive 75.38426 1.42071 37.54587 49.40105 -563.50608 -9.13279 0.07071 1.05685 0.16296 0.07071 1521.34304 0.06503 21.34129
0  07827020_unactive 73.51478 1.12130 43.92124 57.16692 -502.89328 -9.12176 0.07454 0.81406 0.07454 0.00000 1262.03065 0.02087 7.19032
0  74489417_unactive 71.62419 1.14547 33.98098 63.82487 -520.75173 -8.69836 0.06575 1.17440 0.06575 0.00000 1408.59663 0.01472 14.78392
1  131281204_active 91.14805 1.62014 40.65750 28.76529 -582.90624 -3.19166 0.00000 0.21353 0.00000 0.00000 1406.00004 0.01780 9.53947
0  72370511_unactive 72.35342 0.93956 46.57728 52.04792 -538.22181 -8.86215 0.02004 1.10638 0.02004 0.00000 1486.03297 0.16755 5.96063
1  103191130_active 86.62813 1.99910 48.23682 56.86219 -545.56366 -17.57894 0.19116 2.44498 0.19116 0.00000 1291.16010 0.01949 11.78803
1  160690836_active 97.18417 1.61864 63.37985 59.42894 -665.50801 -16.52888 0.12611 2.18646 0.12611 0.64258 1595.49293 0.06369 8.75909
1  131273127_active 70.11394 1.11106 54.31311 50.84740 -494.17418 -8.66583 0.01863 1.02462 0.01863 0.00000 1376.30327 0.05551 12.89613
0  68485562_unactive 123.82997 3.33451 60.37491 85.38641 -730.46775 -13.90948 0.06063 1.37832 0.00515 0.08971 1691.71001 0.03975 11.11766
1  103430452_active 78.16265 1.84591 43.39134 62.44655 -557.39792 -19.32242 0.00009 2.59184 0.46362 0.60198 1428.38517 0.07369 14.73766
0  78075761_unactive 77.83267 0.95317 39.08413 67.62162 -526.72457 -7.01288 0.00000 0.50925 0.00000 0.00000 1340.13956 0.02705 12.81745
0  73417900_unactive 87.40479 2.29868 64.23931 54.63753 -576.31530 -9.27001 0.06549 1.16575 0.06549 0.00000 1446.15279 -0.00022 7.99374
0  42485868_unactive 85.78207 1.28472 57.86949 44.89936 -543.27315 -4.30263 0.00000 0.18160 0.00000 0.00000 1344.48450 0.01789 14.09433
0  67756512_unactive 78.87198 1.28133 50.66723 41.17158 -520.72059 -5.13056 0.00017 0.60893 0.00017 0.00000 1391.03912 0.01384 7.53686
0  03553238_unactive 90.39063 0.92856 50.50271 72.33669 -560.59453 -14.63158 0.00000 1.14796 0.00000 0.00000 1396.60738 0.02378 22.10485
1  131279064_active 98.43242 3.20219 58.37400 24.97616 -611.91939 -6.98314 0.00000 1.02318 0.00000 0.00000 1468.16926 0.03562 7.56998
0  76070686_unactive 82.09979 2.44097 36.26058 79.63933 -526.57342 -34.27201 0.00510 4.96428 0.80345 0.52353 1359.22934 0.08268 25.23512
0  69323649_unactive 82.39179 1.79324 33.86530 67.06025 -572.08946 -14.10126 0.00442 1.66480 0.30568 0.00442 1441.36379 0.05027 20.92858
0  67321987_unactive 80.29303 1.48010 44.22814 36.20215 -547.13950 -10.70874 0.00000 1.37354 0.33002 0.00000 1364.05939 -0.00424 7.07086
1  131279154_active 85.02375 1.90613 36.93907 34.80547 -508.19748 -7.88914 0.00000 1.22827 0.00000 0.00000 1262.33578 0.03970 9.81902
0  24016999_unactive 81.27845 1.64282 74.99382 36.52277 -559.18018 -2.27958 0.00145 0.00000 0.00145 0.00000 1428.30705 -0.00144 -2.13436
0  76536951_unactive 76.07025 1.77325 39.26302 43.68322 -467.77015 -16.90907 0.00000 2.15224 0.08964 0.21163 1279.17316 0.05069 15.65385
0  71281140_unactive 82.97474 1.75974 49.17006 33.54459 -574.16247 -0.96342 0.19535 0.00000 0.19535 0.00000 1509.33961 0.02534 10.45827
1  131273126_active 79.40360 1.72949 43.55927 24.10659 -478.21552 -8.42607 0.00000 1.34296 0.00000 0.00000 1206.17406 0.03371 7.63509
1  131277126_active 89.87928 3.14370 41.95529 42.32371 -561.18312 -8.67724 0.07506 1.28331 0.07506 0.00000 1382.88784 0.03516 12.98445
1  160706853_active 92.67404 1.57200 53.94406 35.85010 -560.45730 -13.06523 0.17866 1.85390 0.30271 0.00000 1359.19156 0.03710 7.45185
1  160669382_active 76.40783 1.47169 51.08723 25.23639 -530.00305 -9.75202 0.21340 1.43746 0.21340 0.00000 1319.60834 0.01629 4.14424
1  131283181_active 84.93484 1.95829 28.54966 56.11905 -531.49724 -10.00039 0.00358 1.27652 0.00358 0.00000 1310.78957 0.03641 23.84456
1  131279155_active 89.69840 1.88347 35.89767 39.72434 -536.31743 -8.29239 0.00000 1.25378 0.00000 0.00000 1318.87274 0.03726 14.60177
0  72060510_unactive 95.12411 2.28096 46.86674 52.72840 -661.21704 -7.23077 0.04957 0.91061 0.04957 0.00000 1605.87755 0.01219 10.93386
0  82698277_unactive 75.56885 1.95948 47.38315 31.88033 -512.13590 -1.60407 0.00000 0.00000 0.00000 0.00000 1281.24611 0.01038 3.66156
0  07166171_unactive 79.42940 2.30600 48.05823 36.31220 -578.09593 -3.17631 0.10120 0.16481 0.10120 0.00000 1483.85523 0.01083 7.13257
0  75528024_unactive 82.84257 0.85238 31.19323 52.37750 -543.18087 -9.36346 0.00000 0.84385 0.04481 0.14364 1356.86935 0.01501 19.68890
0  72441611_unactive 88.77919 1.92717 42.29200 74.55978 -555.40639 -5.26346 0.19322 0.80179 0.19322 0.00000 1418.22495 -0.00833 12.02222
1  131287122_active 78.24562 1.72078 40.61772 29.21186 -476.49000 -8.30648 0.00000 1.31495 0.00000 0.00000 1208.12686 0.03280 8.83663
0  03359001_unactive 94.51801 2.04707 30.09439 75.72949 -635.53517 -7.14696 0.00027 0.86960 0.00027 0.00000 1661.35339 0.03820 23.77775
0  69659208_unactive 93.27137 3.80050 20.30370 95.78835 -600.28887 -21.61156 0.44819 3.03276 0.58863 0.00000 1480.21109 0.00065 18.83134
1  160694688_active 71.26929 1.35741 48.60587 22.34727 -459.96866 -9.78978 0.21168 1.41427 0.21168 0.00000 1122.78108 0.02081 6.16482
1  131272070_active 80.40690 2.04755 39.30766 28.36547 -501.69597 -7.77415 0.00010 1.20160 0.00010 0.00000 1255.75836 0.02942 10.36786
0  23792296_unactive 95.29279 1.57209 20.15715 84.74411 -588.22528 -9.34439 0.14794 0.94621 0.03902 0.10892 1430.85486 -0.04978 28.47965
1  131285171_active 79.31636 1.63846 36.45881 27.97674 -525.15473 -3.14370 0.00000 0.20722 0.00000 0.00000 1326.78149 0.01561 8.87530
0  10463102_unactive 105.26358 3.30190 59.95085 58.52586 -629.93879 -20.66307 0.00000 2.37035 0.23453 0.05383 1596.38322 0.03939 6.61047
1  123087593_active 88.93209 3.14830 29.36620 61.91299 -565.22789 -10.69083 0.31338 1.45750 0.31338 0.00000 1399.24684 0.05190 23.76681
1  131275097_active 80.72984 1.83479 38.70203 23.75855 -482.55020 -8.07143 0.00000 1.26802 0.00000 0.00000 1196.40220 0.03654 7.59023
0  69367382_unactive 86.23849 1.24834 34.38376 78.00428 -550.99128 -13.38593 0.04139 1.54997 0.04139 0.00000 1350.38818 0.04220 15.61991
0  78793022_unactive 66.80991 0.51072 39.69644 24.59287 -499.45810 -0.62224 0.00000 0.00000 0.00000 0.00000 1405.15616 -0.00177 14.92205
0  48472872_unactive 83.66171 2.82923 66.18233 32.67537 -585.88844 -5.97110 0.00000 0.60583 0.00000 0.00000 1510.64185 0.04965 1.57887
0  30981233_unactive 84.48455 3.26392 36.97366 54.62231 -528.59879 -26.68501 0.00000 3.75404 0.93012 0.67438 1316.98551 0.08246 4.62075
0  73612067_unactive 104.41729 1.02264 47.76041 80.33513 -634.35183 -6.29336 0.01060 0.32273 0.01060 0.00000 1520.89944 -0.01149 21.42940
0  73811652_unactive 90.58646 0.93236 45.22940 53.50886 -523.40566 -6.77271 0.00014 0.86775 0.00014 0.00000 1265.02086 0.02259 6.98855
0  68545858_unactive 78.11613 0.91019 41.07521 33.85234 -497.93063 -3.60704 0.00000 0.19032 0.00000 0.00000 1353.51687 0.00220 8.24884
0  65395084_unactive 101.55560 3.07047 27.15778 90.57901 -671.37573 -24.77312 0.07986 3.12246 0.51603 0.00000 1498.83895 -0.04173 17.31556
0  72236628_unactive 63.66617 0.89014 37.18483 54.38860 -444.18711 -18.34304 0.00237 2.59443 0.15867 0.00000 1104.43059 0.05732 12.80415
1  131279156_active 75.20538 1.43875 57.85323 53.37510 -499.19754 -3.74659 0.22525 0.31317 0.22525 0.00000 1226.05880 0.02631 11.42448
0  06807237_unactive 102.72054 3.14876 23.71865 69.99099 -659.65196 -10.18660 0.01048 1.10172 0.01048 0.00000 1649.20969 -0.00638 17.30634
0  78258486_unactive 94.90548 5.00001 56.64615 44.65504 -611.11133 -15.62773 0.00000 2.04567 0.27954 0.00000 1474.82545 0.01374 2.60457
0  72234467_unactive 62.42047 0.82379 58.45441 23.37869 -434.05561 -0.32383 0.00000 0.00000 0.00000 0.00000 1237.79560 -0.00093 5.09608
0  72346693_unactive 79.32779 1.84186 58.77230 52.27776 -556.23847 -8.56158 0.00670 1.09756 0.00670 0.00000 1347.83912 0.00725 4.27579
0  07972626_unactive 88.64536 0.75505 48.18404 38.48551 -528.45403 -1.84991 0.12406 0.00000 0.12406 0.00000 1398.82995 0.03915 21.45541
0  26551342_unactive 71.73055 1.28835 50.29754 50.17387 -513.44381 -6.50606 0.00000 0.74597 0.02435 0.00000 1312.16111 0.01883 14.93311
0  66185309_unactive 88.51162 1.49098 37.46993 57.09966 -563.54186 -14.53642 0.00000 1.76632 0.06177 0.15536 1389.78317 0.04335 22.64529
0  67674610_unactive 93.31177 2.68648 37.56023 80.96054 -590.73777 -14.03473 0.00029 1.56179 0.08835 0.00000 1476.95324 0.01833 7.64127
0  71919013_unactive 88.90878 0.74200 26.29506 73.21661 -612.97426 -5.33087 0.00278 0.51181 0.00278 0.00000 1482.42460 -0.06999 8.34473
0  27176685_unactive 95.07569 2.13768 52.42238 48.00146 -638.40026 -8.65543 0.00003 0.86871 0.00000 0.00003 1540.97252 0.03397 15.10194
0  71813792_unactive 98.31974 1.96671 34.80950 51.46806 -593.66027 -8.09856 0.00000 1.06069 0.00000 0.00000 1490.22804 0.02999 14.78159
1  131279153_active 81.28422 1.91865 35.54268 28.89729 -481.29283 -7.74385 0.00000 1.19413 0.00000 0.00000 1196.96583 0.03365 8.89658
0  86439072_unactive 79.78787 1.25994 31.25687 65.53828 -498.38323 -5.88668 0.02249 0.29616 0.02249 0.00000 1230.91021 -0.02972 7.23857
1  123088179_active 83.96124 1.80787 33.87739 37.02447 -501.46836 -7.96547 0.00000 1.17853 0.00000 0.00000 1264.17832 0.03395 15.83492
0  23239554_unactive 91.19740 1.61481 43.52066 55.74760 -544.87703 -5.01483 0.00000 0.37619 0.00000 0.00000 1395.82991 0.01742 19.82233
1  123093309_active 91.14350 3.45143 40.83469 49.59566 -540.01014 -14.60193 0.09940 2.13045 0.09940 0.00000 1310.26953 0.02438 9.93069
0  21635897_unactive 80.94154 0.55427 36.84933 39.14366 -528.98954 -5.10258 0.00000 0.29723 0.00000 0.00000 1425.09019 0.02873 17.14271
0  51855056_unactive 69.87202 0.88900 47.45199 16.80768 -493.95685 -0.41316 0.00000 0.00000 0.00000 0.00000 1422.08659 0.01058 15.84752
0  72168650_unactive 74.63621 1.28950 41.13726 32.39129 -524.40358 -0.54738 0.00000 0.00000 0.00000 0.00000 1403.32641 -0.06281 4.68958
0  21367387_unactive 62.56746 0.72475 37.52039 17.17990 -441.46030 -1.95738 0.00000 0.00000 0.00000 0.00000 1227.24441 0.00017 11.31729
0  68949696_unactive 86.84854 1.38421 29.54764 58.17478 -594.04832 -2.75339 0.00000 0.25805 0.00000 0.00000 1560.17076 0.02325 17.60474
0  65513427_unactive 80.26156 1.49671 31.64113 51.59815 -532.38239 -11.07121 0.14055 0.90942 0.14055 0.00000 1346.19610 0.02400 17.00735
0  07054345_unactive 86.46722 2.30018 44.75459 50.78627 -552.50411 -18.91186 0.00928 2.61818 0.00928 0.00000 1336.61285 0.04149 4.25653
0  67070387_unactive 107.19855 2.79629 46.32907 93.06100 -644.97408 -18.29691 0.08598 1.59398 0.08570 0.00028 1565.47799 0.06874 11.42254
0  66066661_unactive 68.90089 1.50236 59.47767 32.97944 -455.87448 -1.31616 0.00000 0.00000 0.00000 0.00000 1243.40269 0.00282 1.25200
0  72241666_unactive 72.82822 1.02359 31.97131 101.87173 -507.09591 -11.33297 0.12310 0.83179 0.12310 0.00000 1323.75734 0.05653 19.23088
0  72728456_unactive 79.91817 0.95640 42.70884 81.64739 -528.28447 -10.25216 0.10675 0.90390 0.17766 0.00000 1273.15866 0.00987 8.33225
0  68460352_unactive 72.37277 0.97569 32.20811 46.24841 -541.63660 -5.39371 0.02495 0.44288 0.02495 0.00000 1446.41535 0.02773 17.34821
0  79370047_unactive 69.52217 1.16366 33.01245 38.98763 -489.29592 -9.30817 0.00000 1.34398 0.00000 0.00000 1295.67638 -0.01047 13.08613
0  82054098_unactive 93.35553 2.01779 34.69346 73.71204 -543.88899 -32.03115 0.09937 3.83235 0.39441 0.57414 1251.74381 0.06670 10.60072
1  131279157_active 74.99362 1.70986 57.71627 53.00961 -486.57632 -4.20052 0.19096 0.43774 0.19096 0.00000 1183.40552 0.02883 9.45483
1  103211232_active 112.42870 7.36483 3.70297 191.67742 -645.03239 -78.91163 0.24407 9.92255 2.71158 0.80351 1591.84129 0.25559 34.19036
0  66397458_unactive 90.31149 2.09131 56.01083 33.84346 -580.37590 -3.36344 0.00063 0.33152 0.00063 0.00000 1435.39647 0.00687 1.41664
0  32375708_unactive 93.15162 1.38623 13.52213 80.42025 -629.91011 -3.25248 0.16167 0.00000 0.16167 0.00000 1626.55213 0.02535 24.82335
0  30831763_unactive 85.34859 1.55867 58.87539 31.21792 -566.14777 -7.07523 0.01971 0.70192 0.01971 0.00000 1411.34676 0.04174 5.34360
0  86366170_unactive 89.73591 0.94110 51.64379 44.87179 -604.23231 -1.49594 0.00000 0.00000 0.00000 0.00000 1499.13068 0.01412 9.59638
1  131277125_active 75.00603 1.05857 32.71562 24.64687 -503.40516 -2.06842 0.00000 0.00000 0.00000 0.00000 1281.86620 0.01056 7.08165
1  103211274_active 86.48377 5.31101 5.49451 106.68410 -620.29820 -51.19120 0.00000 7.06144 1.93832 0.55529 1641.09772 0.25065 31.88405
0  48578129_unactive 75.89185 0.93380 51.73317 33.01260 -533.70785 -4.05007 0.00000 0.38008 0.00000 0.00000 1445.51510 0.04440 5.34027
0  72755164_unactive 91.49011 1.02784 40.85978 61.67889 -566.07905 -1.50609 0.09059 0.00000 0.09059 0.00000 1375.83852 0.02948 16.85484
0  71498716_unactive 60.62124 1.13869 46.46327 46.79534 -459.00311 -9.27615 0.01963 1.39586 0.01963 0.00000 1216.80147 0.01344 0.79340
1  103211260_active 90.84998 5.85582 4.58720 142.07191 -649.83328 -53.34801 0.73031 7.64240 3.03153 1.46712 1713.21001 0.29213 37.12001
0  75419838_unactive 76.06219 2.20971 39.87962 26.29180 -474.38503 -7.30805 0.19843 0.92924 0.22798 0.00000 1289.82698 0.09445 9.35447
0  86094119_unactive 76.89229 1.53004 38.03484 27.46388 -477.42221 -2.93259 0.00936 0.31610 0.00000 0.00936 1255.10131 0.01742 6.59895
1  104234226_active 87.25953 3.67837 2.22884 120.78717 -625.32364 -54.81422 0.13208 6.59084 1.24582 0.50304 1690.09898 0.23839 35.44852
1  123096987_active 95.41631 2.89636 28.72475 72.97914 -564.04148 -10.48763 0.00036 1.42189 0.00036 0.00000 1364.88999 0.01762 24.22194
0  73256425_unactive 99.27742 2.96208 38.09368 69.39148 -626.65862 -7.13378 0.00000 0.61071 0.00000 0.00000 1465.39287 0.01515 13.10617
0  71134393_unactive 110.28743 3.40588 12.61806 111.42501 -689.07712 -28.38435 0.11326 3.97304 0.43137 0.00000 1611.73789 0.03078 29.79734
0  00064042_unactive 86.02940 1.34497 53.57385 29.62777 -497.32672 -1.61445 0.02500 0.00000 0.02500 0.00000 1254.87436 0.01554 8.14602
1  103211454_active 84.08234 4.20273 0.19155 142.77904 -575.49427 -58.11142 0.00007 6.92445 1.36682 0.84855 1487.35278 0.25780 33.80926
1  103567686_active 107.96933 5.81993 56.90106 23.64654 -603.39747 -6.67123 0.00000 0.92411 0.00000 0.00000 1427.47773 0.02816 6.24198
0  04305585_unactive 83.51006 2.11508 46.83448 36.90552 -532.24066 -6.52833 0.00000 0.99573 0.00000 0.00000 1409.74330 0.01744 1.89204
0  75894440_unactive 62.80358 0.90442 37.94870 35.12449 -450.76015 -8.79805 0.00000 1.05226 0.22500 0.06877 1229.89893 0.13885 21.13378
0  65375610_unactive 84.61939 3.91357 27.21058 62.37759 -564.29061 -11.74884 0.30209 1.64820 0.30209 0.00000 1486.10441 0.04534 18.49798
0  67680699_unactive 80.18039 1.18650 37.81740 50.53045 -569.80144 -4.38987 0.00000 0.23005 0.00000 0.00000 1513.61748 -0.05970 10.66168
0  86507765_unactive 64.62046 0.47094 28.73356 54.71753 -448.40547 -2.19844 0.00000 0.00000 0.00000 0.00000 1234.07205 0.09066 16.33483
1  131283182_active 85.03342 2.52867 31.85169 53.10689 -509.87219 -8.18082 0.08411 1.29475 0.08411 0.00000 1255.16877 0.02041 7.22143
0  48567140_unactive 74.55693 0.71731 31.36521 41.06605 -509.25467 -8.49010 0.00000 0.75488 0.08769 0.00000 1270.36534 0.01631 11.62346
0  76779263_unactive 65.49744 1.38012 36.61413 17.33685 -471.02349 -0.81143 0.10028 0.00000 0.10028 0.00000 1221.40641 0.01138 11.69043
0  29777237_unactive 94.69318 2.15220 45.15977 60.35120 -605.49542 -12.06624 0.08141 1.94282 0.08141 0.00000 1487.65593 -0.02084 10.43299
0  70404298_unactive 72.55190 1.07029 35.73072 50.03604 -448.00952 -5.44617 0.01159 0.35769 0.00194 0.00965 1083.16214 0.01228 9.57396
0  72054122_unactive 82.00195 2.25475 20.11829 45.10766 -557.03931 -16.34645 0.01265 2.36400 0.49746 0.00000 1438.94317 -0.00329 11.58282
0  47716516_unactive 84.90137 0.90047 43.32615 57.64850 -538.76472 -6.00099 0.00000 0.40575 0.00000 0.00000 1350.42569 -0.05401 7.11476
0  78799994_unactive 100.08222 2.77796 40.80304 65.61407 -610.88117 -1.87927 0.16336 0.00000 0.16336 0.00000 1524.60451 -0.03235 7.75438
0  00685660_unactive 60.60083 0.90285 36.06344 27.28346 -452.99719 -0.85066 0.00000 0.00000 0.00000 0.00000 1254.85927 0.03910 4.17037
0  75125399_unactive 79.41862 1.04226 23.28363 67.05679 -542.01275 -10.52984 0.21873 0.67110 0.11824 0.10270 1334.79971 0.04847 28.18269
0  06606875_unactive 73.97670 1.60688 46.09667 32.33127 -535.86759 -0.30196 0.00000 0.00000 0.00000 0.00000 1383.19151 -0.00755 4.50542
0  82411923_unactive 81.56751 2.16644 35.36514 62.26108 -521.33956 -7.77073 0.00000 0.94099 0.14018 0.00000 1295.66024 0.00535 20.27995
0  23189769_unactive 72.73875 0.48548 33.23984 38.10519 -466.80886 -4.63560 0.00330 0.39981 0.00330 0.00000 1244.12211 0.05941 8.21597
0  71906747_unactive 88.72382 1.50715 39.45676 56.02536 -616.00029 -2.08609 0.00000 0.00000 0.00000 0.00000 1566.02318 -0.05882 -2.06375
0  03276393_unactive 91.23848 3.84650 61.11127 42.34226 -558.39166 -13.63891 0.00001 2.07574 0.00001 0.00000 1368.78674 0.04939 1.18630
0  70523812_unactive 98.58455 2.52095 37.79610 87.38730 -556.19622 -18.50933 0.16058 2.39964 0.05492 0.31020 1222.79372 0.07810 18.66517
0  72147362_unactive 49.84032 0.69264 23.52036 32.89214 -370.46019 -8.14914 0.00815 1.22268 0.00815 0.00000 1053.11898 0.03615 10.63034
0  70948092_unactive 87.26885 1.46308 37.92392 60.00238 -541.06229 -4.23281 0.02110 0.51527 0.02110 0.00000 1165.48197 0.02118 8.20452
0  82823106_unactive 73.99672 0.87759 29.62351 33.52512 -487.42472 -1.30870 0.00000 0.00000 0.00000 0.00000 1274.54622 0.01188 11.23910
0  80430495_unactive 54.63146 0.51137 34.75621 13.92548 -406.79785 -0.30709 0.00000 0.00000 0.00000 0.00000 1138.48559 -0.00551 7.83837
0  45301637_unactive 92.32396 1.54737 51.33696 35.87862 -560.94776 -2.29406 0.01868 0.00000 0.01868 0.00000 1457.44741 -0.00610 17.26587
1  174525699_active 87.99354 2.88666 20.96577 75.90095 -638.65645 -11.97351 0.00000 0.67695 0.22455 0.00000 1745.90142 0.09641 19.50697
0  76253620_unactive 86.63266 4.41132 47.49144 55.66468 -566.31272 -5.31001 0.32978 0.55706 0.32978 0.00000 1401.39724 0.03419 5.07352
0  00988354_unactive 69.48133 1.15319 30.93876 36.69625 -435.06138 -4.40830 0.09937 0.66434 0.09937 0.00000 1175.93700 0.00103 20.04195
0  70444315_unactive 72.74632 1.09237 31.97865 62.24626 -485.90175 -3.81296 0.00000 0.47487 0.00000 0.00000 1243.22626 -0.04813 17.17675
0  07088387_unactive 75.31397 1.68858 40.97558 29.32713 -486.99211 -0.44122 0.00000 0.00000 0.00000 0.00000 1314.27591 -0.00664 7.95817
0  70355927_unactive 71.83099 0.97942 36.79428 50.42983 -466.90146 -3.81475 0.00431 0.33232 0.00431 0.00000 1213.59947 0.06143 4.97906
0  08348810_unactive 79.96042 0.80481 47.57907 70.84609 -553.92754 -7.31235 0.00000 0.52879 0.00000 0.00000 1463.48334 0.03312 12.01153
0  70167744_unactive 74.74291 1.74556 42.20378 44.55753 -464.06289 -17.30186 0.00000 2.24720 0.34382 0.53413 1145.29630 0.07408 9.25405
0  78187371_unactive 78.72229 2.34872 49.97316 36.30570 -484.24366 -3.80024 0.05733 0.27695 0.05733 0.00000 1295.82420 -0.00282 5.81201
0  70729947_unactive 63.25186 0.64716 43.61564 42.15159 -416.89963 -2.09246 0.11301 0.00000 0.11301 0.00000 1112.85177 -0.00648 8.80525
0  69775698_unactive 63.46350 1.17139 38.08801 55.50349 -454.19830 -13.33118 0.00000 1.75939 0.28561 0.00000 1117.55858 0.02892 13.80685
0  87836485_unactive 58.31816 0.92766 30.05644 35.67710 -397.62002 -7.14521 0.00000 1.00042 0.00000 0.00000 995.02240 0.00955 6.16407
0  70111427_unactive 84.86617 4.15272 37.69006 67.57776 -439.97965 -33.19712 0.00927 4.57543 0.63508 0.48485 1047.69190 0.09821 -0.04351
0  02796227_unactive 76.97642 1.37560 44.34703 11.71666 -462.09552 -0.26242 0.00000 0.00000 0.00000 0.00000 1211.06861 -0.00992 4.02401
0  70155069_unactive 83.06953 2.64930 36.61757 73.26799 -484.33693 -23.93403 0.00074 3.38200 0.36743 0.00000 1126.39131 0.04335 8.97360
0  75765461_unactive 83.83132 1.72267 27.09156 50.76340 -490.60070 -1.10736 0.02134 0.00000 0.02134 0.00000 1244.19361 0.01285 0.67100
0  66739965_unactive 79.00141 1.70261 36.50742 85.35130 -561.87973 -14.50515 0.01033 1.38396 0.01033 0.00000 1387.12530 0.06228 18.50500
0  70195402_unactive 76.78842 1.94972 34.90193 18.63379 -415.40597 -5.20800 0.00000 1.00000 0.00000 0.00000 1070.69239 0.05128 5.24482
0  73089426_unactive 89.25006 2.03321 27.74663 62.88967 -554.69950 -11.61651 0.05356 1.05355 0.05356 0.00000 1459.91825 0.01728 10.78989
1  123095349_active 78.45334 1.91603 22.82686 82.64988 -532.62311 -8.43040 0.35209 0.79564 0.35209 0.00000 1404.21555 0.02281 27.70763
0  71790351_unactive 68.61347 1.66048 21.16902 71.50852 -461.83062 -25.18254 0.00940 3.54783 0.49768 0.00000 1128.65172 0.01840 25.47157
0  35120011_unactive 67.03439 0.88623 39.61862 26.41438 -461.12951 -0.40048 0.00000 0.00000 0.00000 0.00000 1289.17906 0.00526 5.33769
0  66982479_unactive 79.93036 1.38713 46.05745 46.61884 -522.53212 -0.68540 0.00000 0.00000 0.00000 0.00000 1393.49440 0.01439 8.18034
0  85462316_unactive 60.46248 0.46794 31.49107 45.07777 -377.93434 -5.23839 0.07222 0.32513 0.00000 0.07222 1017.06237 0.02134 13.07466
0  79881408_unactive 74.92781 1.78002 44.96275 30.33481 -430.89998 -2.19906 0.00000 0.18528 0.00000 0.00000 1055.13128 0.03137 6.21869
0  66215917_unactive 75.97252 2.51625 45.82383 56.63446 -485.76583 -16.10166 0.00000 2.41474 0.44559 0.00000 1226.05314 -0.02648 10.61620
0  07800766_unactive 71.88123 1.58479 34.35727 73.12337 -461.57287 -12.40995 0.00000 1.21841 0.00000 0.00000 1140.29704 0.01145 13.71763
0  06678583_unactive 70.50350 1.91044 17.91744 79.56752 -460.42122 -12.70716 0.01092 1.26937 0.02494 0.00000 1223.96345 0.04951 20.79016
0  72426115_unactive 93.16661 2.05768 18.54386 83.76471 -562.95037 -10.75276 0.22125 0.89624 0.25360 0.00000 1368.01000 0.00821 13.29060
0  70089871_unactive 68.12945 1.04484 25.56991 38.60347 -394.60593 -3.09380 0.00000 0.36957 0.00000 0.00000 1050.75335 -0.04893 0.39515
0  68094254_unactive 81.74857 1.92798 37.61815 57.39533 -562.59604 -15.67531 0.12354 1.97881 0.35265 0.00000 1401.88116 0.03135 12.19131
0  79348041_unactive 63.81088 1.49511 42.36069 31.63557 -400.93983 -5.49631 0.08356 0.47795 0.08356 0.00000 1092.86325 0.07409 1.09100
1  103466521_active 76.18962 3.68660 0.00000 104.31971 -551.61313 -34.92804 0.00000 4.19036 1.18585 0.09138 1471.55764 0.19939 30.23142
0  69770347_unactive 69.55096 0.83084 31.39865 50.76506 -488.88678 -8.08236 0.00000 0.59304 0.01228 0.09261 1242.19116 0.00422 3.70650
0  10399676_unactive 66.52891 0.18395 36.63331 43.62428 -436.92901 -1.55425 0.00000 0.00000 0.00000 0.00000 1177.57501 -0.00552 16.44799
0  71467464_unactive 60.82156 0.70916 32.27220 32.21569 -393.45445 -5.09249 0.00000 0.78509 0.00000 0.00000 1146.75770 -0.03732 13.24203
0  70138440_unactive 63.81048 1.55825 41.01478 16.53413 -399.72082 -1.49893 0.00000 0.00000 0.00000 0.00000 1133.32029 0.00679 10.98913
0  71213319_unactive 66.06108 0.60383 29.27694 49.18212 -451.92150 -1.40800 0.02086 0.00000 0.02086 0.00000 1195.78265 0.02904 7.27276
0  04877584_unactive 52.16523 0.97289 48.49166 12.70329 -402.68030 -0.22384 0.00000 0.00000 0.00000 0.00000 1126.64383 0.00729 -3.41864
0  72190422_unactive 50.72126 0.37732 36.76092 4.60927 -339.04937 -0.21111 0.00000 0.00000 0.00000 0.00000 956.31099 0.00095 3.10439
0  71811102_unactive 56.13921 1.00930 28.54440 30.23764 -377.46152 -10.47164 0.00000 1.48267 0.00000 0.00000 1118.84202 0.02268 15.24801
0  25644075_unactive 69.13966 0.32841 35.47218 49.24787 -429.98505 -7.29905 0.00000 0.32070 0.00000 0.00000 982.40449 0.00680 12.17172
0  78833780_unactive 61.38713 1.06531 39.66812 25.42539 -400.02904 -5.22646 0.00000 0.66626 0.00000 0.00000 1083.08514 -0.00398 9.93683
0  71050896_unactive 58.54020 0.43726 26.26717 28.89846 -363.25223 -1.29984 0.00000 0.00000 0.00000 0.00000 1007.51829 0.01628 6.93947
0  71745729_unactive 53.14498 0.65389 43.62893 2.97665 -343.19841 -0.15898 0.00000 0.00000 0.00000 0.00000 999.81756 -0.00644 0.96283
0  47581862_unactive 47.39980 0.10960 19.18990 37.17356 -389.81016 -1.27387 0.00000 0.00000 0.00000 0.00000 1108.10632 0.01796 17.84423
0  00205726_unactive 60.98890 0.16537 6.24112 34.20284 -405.77909 -0.79996 0.00000 0.00000 0.00000 0.00000 1105.46304 -0.01176 8.98162
0  87624848_unactive 63.96260 0.94492 25.44360 44.88138 -358.81839 -1.80176 0.01894 0.00000 0.01894 0.00000 888.97227 0.00625 2.83498
0  71744531_unactive 43.95284 0.39594 28.69487 15.84875 -307.48750 -0.16822 0.00000 0.00000 0.00000 0.00000 893.53196 0.00033 3.25487
