Rank	Title	type	minimizedAffinity	molecularweight
1	131281107	active	-10.7652	390.312
2	131277055	active	-10.6115	414.355
3	92480568	unactive	-10.5479	363.307
4	131279065	active	-10.3847	402.323
5	66088382	unactive	-10.382	437.162
6	160680067	active	-10.3514	343.269
7	131285069	active	-10.3395	339.289
8	131281105	active	-10.3133	348.295
9	131287121	active	-10.3078	363.31
10	03416612	unactive	-10.2928	360.238
11	104247556	active	-10.2174	351.299
12	160680037	active	-10.1053	343.274
13	160669360	active	-10.0691	355.285
14	131279067	active	-10.0642	426.366
15	160696232	active	-10.047	338.277
16	131273034	active	-10.0126	378.302
17	131279066	active	-9.97786	386.324
18	131281108	active	-9.94142	438.377
19	160701581	active	-9.9296	361.293
20	57271411	unactive	-9.92765	344.259
21	131275011	active	-9.92601	362.302
22	131285070	active	-9.92433	374.313
23	69949173	unactive	-9.91612	393.29
24	160696256	active	-9.89758	326.267
25	103694299	active	-9.89489	312.263
26	104247555	active	-9.88549	300.253
27	160706871	active	-9.88105	340.273
28	160700050	active	-9.85742	315.264
29	160680039	active	-9.82333	385.311
30	160685394	active	-9.7893	382.31
31	11125709	unactive	-9.76939	353.266
32	160680063	active	-9.76909	326.267
33	160669361	active	-9.73645	327.275
34	06535393	unactive	-9.72283	366.238
35	160680064	active	-9.72241	326.267
36	65255333	unactive	-9.71836	339.262
37	160674689	active	-9.70232	296.239
38	160674690	active	-9.70077	326.267
39	123092525	active	-9.6885	288.242
40	160685393	active	-9.68292	303.253
41	160680066	active	-9.67403	352.284
42	160701580	active	-9.64828	319.253
43	160685363	active	-9.63228	303.253
44	73584642	unactive	-9.60704	350.211
45	131273125	active	-9.60314	276.231
46	06394508	unactive	-9.59995	377.242
47	160680065	active	-9.57516	330.255
48	39894991	unactive	-9.5677	393.806
49	160701582	active	-9.513	303.253
50	88421265	unactive	-9.51231	308.225
51	160701606	active	-9.50822	315.264
52	160701605	active	-9.49838	314.256
53	123085985	active	-9.49041	290.238
54	65534036	unactive	-9.48094	360.258
55	72108775	unactive	-9.46149	326.24
56	160685392	active	-9.44955	315.264
57	104247554	active	-9.42523	300.253
58	160690835	active	-9.34707	336.26
59	77952398	unactive	-9.3434	319.296
60	38961181	unactive	-9.33207	306.227
61	160669358	active	-9.30776	335.275
62	131287120	active	-9.27625	276.231
63	131285170	active	-9.23789	264.221
64	70872855	unactive	-9.23789	435.323
65	160669359	active	-9.21366	370.299
66	71318592	unactive	-9.20397	316.222
67	160674688	active	-9.17284	370.299
68	160680038	active	-9.16382	367.296
69	160674707	active	-9.14894	288.239
70	131285068	active	-9.14502	320.264
71	30937088	unactive	-9.14429	373.32
72	72002643	unactive	-9.143	361.718
73	131277127	active	-9.13686	344.328
74	67842136	unactive	-9.13346	332.248
75	07827020	unactive	-9.13164	307.219
76	74489417	unactive	-9.13008	348.248
77	131281204	active	-9.09006	312.263
78	72370511	unactive	-9.07765	405.322
79	103191130	active	-9.06985	284.205
80	160690836	active	-9.06258	344.282
81	131273127	active	-9.04575	328.263
82	68485562	unactive	-9.03525	357.278
83	103430452	active	-9.00776	312.239
84	78075761	unactive	-8.97198	289.227
85	73417900	unactive	-8.9581	371.715
86	42485868	unactive	-8.94733	324.221
87	67756512	unactive	-8.94526	330.254
88	03553238	unactive	-8.94321	308.195
89	131279064	active	-8.93857	300.253
90	76070686	unactive	-8.93674	330.226
91	69323649	unactive	-8.93317	378.113
92	67321987	unactive	-8.91584	311.274
93	131279154	active	-8.90926	311.105
94	24016999	unactive	-8.89931	413.341
95	76536951	unactive	-8.89669	290.203
96	71281140	unactive	-8.89655	362.125
97	131273126	active	-8.8672	252.21
98	131277126	active	-8.86705	292.231
99	160706853	active	-8.85827	308.25
100	160669382	active	-8.85137	276.228
101	131283181	active	-8.84841	284.209
102	131279155	active	-8.84792	280.22
103	72060510	unactive	-8.83271	354.254
104	82698277	unactive	-8.79584	284.272
105	07166171	unactive	-8.77841	364.356
106	75528024	unactive	-8.76684	310.218
107	72441611	unactive	-8.7573	385.721
108	131287122	active	-8.74343	275.652
109	03359001	unactive	-8.72033	383.32
110	69659208	unactive	-8.71835	326.268
111	160694688	active	-8.70317	229.193
112	131272070	active	-8.67978	271.208
113	23792296	unactive	-8.67641	328.284
114	131285171	active	-8.67336	288.242
115	10463102	unactive	-8.65304	393.331
116	123087593	active	-8.61873	296.219
117	131275097	active	-8.6009	252.21
118	69367382	unactive	-8.58651	312.215
119	78793022	unactive	-8.5773	321.189
120	48472872	unactive	-8.56209	373.726
121	30981233	unactive	-8.55886	306.276
122	73612067	unactive	-8.55834	347.329
123	73811652	unactive	-8.55563	306.247
124	68545858	unactive	-8.54957	353.269
125	65395084	unactive	-8.54853	358.266
126	72236628	unactive	-8.54742	241.207
127	131279156	active	-8.51116	316.252
128	06807237	unactive	-8.51078	379.308
129	78258486	unactive	-8.47504	328.263
130	72234467	unactive	-8.47232	314.233
131	72346693	unactive	-8.45857	312.237
132	07972626	unactive	-8.45683	334.637
133	26551342	unactive	-8.45642	323.252
134	66185309	unactive	-8.45015	298.209
135	67674610	unactive	-8.44229	307.222
136	71919013	unactive	-8.43805	382.353
137	27176685	unactive	-8.43156	345.267
138	71813792	unactive	-8.42209	340.676
139	131279153	active	-8.41993	275.652
140	86439072	unactive	-8.41275	282.279
141	123088179	active	-8.39613	268.209
142	23239554	unactive	-8.38405	307.191
143	123093309	active	-8.32068	280.22
144	21635897	unactive	-8.31469	346.263
145	51855056	unactive	-8.3072	314.179
146	72168650	unactive	-8.30502	314.253
147	21367387	unactive	-8.29031	256.195
148	68949696	unactive	-8.26239	365.248
149	65513427	unactive	-8.25074	328.281
150	07054345	unactive	-8.2482	342.284
151	67070387	unactive	-8.24515	374.334
152	66066661	unactive	-8.2379	250.187
153	72241666	unactive	-8.23216	328.213
154	72728456	unactive	-8.22716	296.259
155	68460352	unactive	-8.20729	350.239
156	79370047	unactive	-8.20659	296.196
157	82054098	unactive	-8.19272	315.631
158	131279157	active	-8.17714	316.252
159	103211232	active	-8.16402	516.378
160	66397458	unactive	-8.15442	303.23
161	32375708	unactive	-8.15117	444.742
162	30831763	unactive	-8.14715	349.322
163	86366170	unactive	-8.13576	344.259
164	131277125	active	-8.11374	276.231
165	103211274	active	-8.10066	509.811
166	48578129	unactive	-8.09475	345.267
167	72755164	unactive	-8.08363	325.277
168	71498716	unactive	-8.0428	313.265
169	103211260	active	-8.03666	529.393
170	75419838	unactive	-8.03629	269.191
171	86094119	unactive	-8.03177	266.21
172	104234226	active	-8.00217	559.396
173	123096987	active	-7.9761	296.219
174	73256425	unactive	-7.96393	346.255
175	71134393	unactive	-7.96285	409.245
176	00064042	unactive	-7.95538	302.648
177	103211454	active	-7.94776	491.365
178	103567686	active	-7.92055	300.253
179	04305585	unactive	-7.91635	384.363
180	75894440	unactive	-7.91401	305.165
181	65375610	unactive	-7.91151	332.228
182	67680699	unactive	-7.89319	348.271
183	86507765	unactive	-7.8896	276.226
184	131283182	active	-7.86865	284.275
185	48567140	unactive	-7.85055	285.213
186	76779263	unactive	-7.83807	280.217
187	29777237	unactive	-7.83535	360.324
188	70404298	unactive	-7.81638	216.174
189	72054122	unactive	-7.79766	343.273
190	47716516	unactive	-7.79456	320.261
191	78799994	unactive	-7.78417	347.329
192	00685660	unactive	-7.77165	350.146
193	75125399	unactive	-7.76632	298.212
194	06606875	unactive	-7.75668	370.319
195	82411923	unactive	-7.74609	283.194
196	23189769	unactive	-7.73324	303.252
197	71906747	unactive	-7.72909	396.378
198	03276393	unactive	-7.72391	300.249
199	70523812	unactive	-7.71611	339.077
200	72147362	unactive	-7.71356	265.634
201	70948092	unactive	-7.71091	265.202
202	82823106	unactive	-7.70396	290.256
203	80430495	unactive	-7.70105	250.616
204	45301637	unactive	-7.69829	306.208
205	174525699	active	-7.69477	445.341
206	76253620	unactive	-7.69437	338.705
207	00988354	unactive	-7.69234	301.157
208	70444315	unactive	-7.68219	289.656
209	07088387	unactive	-7.68056	363.287
210	70355927	unactive	-7.68029	300.677
211	08348810	unactive	-7.66173	338.296
212	70167744	unactive	-7.65958	279.634
213	78187371	unactive	-7.63824	276.205
214	70729947	unactive	-7.63735	230.155
215	69775698	unactive	-7.62513	282.637
216	87836485	unactive	-7.62027	327.136
217	70111427	unactive	-7.61012	279.273
218	02796227	unactive	-7.60586	319.092
219	70155069	unactive	-7.58483	287.249
220	75765461	unactive	-7.57219	309.299
221	66739965	unactive	-7.54114	323.241
222	70195402	unactive	-7.53549	217.182
223	73089426	unactive	-7.51459	330.236
224	123095349	active	-7.50217	324.229
225	71790351	unactive	-7.49901	266.145
226	35120011	unactive	-7.48927	345.715
227	66982479	unactive	-7.43649	299.215
228	85462316	unactive	-7.43161	319.058
229	79881408	unactive	-7.42897	286.109
230	66215917	unactive	-7.3508	266.21
231	07800766	unactive	-7.31421	261.235
232	06678583	unactive	-7.30558	333.278
233	72426115	unactive	-7.2695	333.324
234	70089871	unactive	-7.22995	250.298
235	68094254	unactive	-7.20574	308.227
236	79348041	unactive	-7.1585	273.63
237	103466521	active	-7.15063	462.347
238	69770347	unactive	-7.12793	281.201
239	10399676	unactive	-7.08574	293.201
240	71467464	unactive	-7.02066	287.2
241	70138440	unactive	-7.01432	333.501
242	71213319	unactive	-6.98669	307.275
243	04877584	unactive	-6.9292	267.261
244	72190422	unactive	-6.89983	254.042
245	71811102	unactive	-6.80285	285.609
246	25644075	unactive	-6.71735	274.059
247	78833780	unactive	-6.70046	255.154
248	71050896	unactive	-6.6575	267.091
249	71745729	unactive	-6.50494	276.067
250	47581862	unactive	-6.4673	273.179
251	00205726	unactive	-6.15189	308.291
252	87624848	unactive	-6.12981	287.517
253	71744531	unactive	-5.82204	273.108
